560
604
725
604
725
562
604
468
603
588
467
603
740
589
710
604
589
468
605
589
468
574
604
452
604
589
468
574
608
453
605
588
468
589
590
453
484
589
725
574
604
468
604
589
469
589
574
469
468
604
589
499
590
574
725
605
710
590
742
607
695
607
729
589
726
603
709
590
740
604
468
589
604
452
621
378
591
592
468
590
741
592
562
499
574
590
468
483
589
590
498
604
710
589
740
604
695
604
591
469
604
393
559
620
468
589
589
468
605
589
468
574
604
468
589
408
604
589
468
559
619
453
604
589
467
574
604
453
604
589
483
559
604
453
468
619
452
468
498
602
467
573
604
452
603
603
467
603
724
606
693
607
727
604
591
468
603
588
467
573
603
469
588
407
588
573
467
467
499
588
482
558
618
452
603
407
589
573
497
558
618
453
588
407
604
588
467
573
618
452
587
408
588
573
483
452
498
573
724
572
602
468
603
588
468
604
561
376
603
587
467
603
588
469
573
739
467
603
588
467
603
558
498
573
618
437
482
603
724
559
620
453
619
588
469
588
573
467
467
588
604
498
560
622
452
603
604
346
482
603
467
497
558
603
498
557
618
467
603
591
452
618
588
468
603
392
573
603
453
468
604
468
468
499
603
589
574
396
574
606
453
605
740
603
710
588
588
513
543
407
589
574
498
573
603
452
604
407
589
576
497
558
618
498
543
619
483
573
608
467
605
590
453
618
588
467
603
377
589
604
468
592
590
467
574
604
467
589
740
604
725
573
603
452
604
408
589
604
558
604
740
591
739
604
694
603
724
573
589
515
544
410
604
589
468
573
604
453
604
408
588
603
457
573
606
453
471
604
726
576
604
456
604
604
468
577
574
468
513
543
604
513
558
603
467
603
602
467
588
573
467
392
618
543
497
573
604
468
603
589
468
603
739
587
708
602
739
588
723
603
710
588
739
602
708
603
591
453
604
408
588
574
498
573
603
452
603
603
467
603
723
739
347
589
588
467
512
542
602
497
603
708
603
723
603
709
604
588
467
589
407
603
558
467
513
558
588
498
575
604
471
604
591
710
591
724
603
694
603
739
604
726
603
693
604
724
604
694
604
741
588
498
574
604
467
497
558
603
361
467
603
513
543
619
482
573
603
468
604
587
467
603
391
573
603
467
603
588
467
603
391
573
602
467
605
587
482
587
391
572
603
468
603
603
467
587
572
723
572
602
468
497
561
603
485
572
618
467
603
587
467
603
391
588
572
467
512
557
603
497
588
709
603
739
588
710
602
723
604
723
572
603
468
603
588
455
607
740
591
711
602
587
467
602
392
573
603
467
603
603
588
618
349
588
572
497
573
618
346
603
603
452
603
738
603
739
588
708
603
606
603
547
392
575
603
468
605
588
467
588
407
572
602
467
497
603
558
498
559
622
467
588
604
467
589
739
603
709
588
739
588
725
605
710
589
739
709
407
543
604
498
558
622
453
604
588
467
603
739
589
709
603
588
467
603
392
572
603
469
497
557
602
497
572
603
468
603
603
452
604
603
453
603
393
588
588
513
543
604
498
575
604
457
604
604
453
605
392
574
605
468
604
589
468
589
393
574
604
483
592
589
455
606
408
589
574
499
574
604
453
604
604
453
605
740
589
738
603
708
588
725
603
709
588
739
603
740
588
710
603
708
603
708
590
738
603
740
588
709
603
723
588
710
589
740
604
740
603
695
604
725
590
709
589
739
604
744
590
710
589
725
589
724
619
694
603
755
589
695
604
725
589
710
619
710
604
740
589
710
592
741
589
695
603
740
589
741
604
693
606
725
589
695
604
740
603
739
603
697
602
724
588
709
603
729
589
739
604
709
588
739
604
710
589
709
608
741
589
711
589
739
604
724
573
725
589
742
607
710
592
739
588
725
574
725
604
605
590
740
604
589
468
590
408
559
619
454
604
605
453
605
407
589
559
483
408
544
603
498
573
604
453
620
589
453
604
740
604
695
604
589
469
604
393
559
620
453
605
589
468
604
408
589
559
483
500
545
619
484
574
605
468
605
589
453
620
726
605
695
605
589
468
590
408
559
619
453
514
543
605
468
604
739
590
740
604
683
619
589
453
605
393
574
605
483
589
726
589
740
605
726
604
710
589
725
574
741
590
740
589
739
604
698
605
592
456
604
393
574
605
453
620
589
453
605
392
574
604
498
590
589
483
604
558
498
574
603
468
588
408
604
604
544
620
724
603
709
588
603
455
604
395
573
588
483
513
543
603
498
559
619
453
619
377
603
603
604
558
738
605
575
604
362
603
408
589
408
589
393
620
347
468
603
498
589
755
589
453
514
590
378
605
393
604
501
589
408
603
392
604
362
590
407
605
408
589
392
605
392
604
363
589
407
604
392
604
392
588
392
604
725
589
710
604
740
589
725
604
498
573
604
393
559
407
589
407
589
498
604
393
589
392
604
392
604
393
605
393
574
604
726
604
695
619
710
589
710
589
755
589
740
589
710
589
725
604
694
500
753
589
695
604
725
604
726
603
741
604
699
607
710
620
725
605
695
604
739
589
710
619
710
619
695
604
695
604
740
604
726
589
741
589
710
604
740
588
499
589
604
468
589
408
574
392
604
394
604
395
604
394
574
604
453
649
695
605
710
604
468
407
589
378
634
347
619
392
589
407
589
710
603
740
591
710
620
710
589
725
604
741
604
695
604
725
604
695
589
740
589
740
604
725
604
740
589
710
591
497
483
589
407
589
499
604
408
589
408
589
392
619
365
604
395
725
365
604
604
483
619
694
604
710
619
725
589
710
604
726
604
499
604
604
589
607
348
604
408
589
393
620
362
604
393
604
393
604
393
589
408
574
604
498
604
724
605
725
593
710
589
742
605
725
604
726
603
740
589
725
605
710
590
726
605
740
604
695
635
694
605
726
604
741
589
740
589
710
589
741
635
695
605
604
498
589
362
650
589
604
347
604
407
604
393
604
393
590
377
604
397
589
408
605
393
604
498
603
604
468
589
725
604
725
607
740
604
698
604
727
589
725
604
740
589
710
604
725
604
725
604
741
593
695
604
728
605
483
589
589
499
603
408
588
407
603
393
604
393
604
393
604
408
589
408
589
408
590
408
604
589
468
591
740
604
724
604
695
604
725
589
756
604
695
593
725
604
498
606
725
604
695
604
741
589
741
589
710
589
726
607
740
604
695
604
724
604
725
589
755
592
710
619
710
589
725
604
739
604
604
604
589
604
605
452
589
408
604
393
604
393
604
377
590
408
589
393
575
408
589
408
605
393
604
499
589
604
604
604
498
589
710
589
725
604
498
603
497
604
726
606
696
605
742
589
725
605
725
603
695
604
741
604
729
589
710
604
710
604
740
605
695
604
726
589
740
589
710
604
740
605
710
605
513
590
740
589
710
589
740
604
724
603
497
604
725
604
695
604
729
605
726
604
695
604
724
604
499
574
604
498
589
396
573
409
589
605
499
604
695
605
710
619
725
589
710
605
740
592
726
604
695
619
710
603
497
574
605
498
589
379
589
407
603
392
605
393
604
604
604
589
499
605
589
604
604
603
589
499
604
604
589
604
607
589
696
604
725
604
725
604
740
604
498
604
695
589
513
589
725
604
726
604
741
604
453
604
741
604
725
603
725
633
710
589
740
589
740
589
740
604
498
604
725
588
742
589
502
574
634
588
588
392
604
392
604
392
604
498
604
604
619
468
634
468
604
392
604
393
604
393
605
393
574
604
725
605
725
604
740
590
740
588
483
392
604
391
605
392
605
604
604
589
468
589
606
499
592
377
603
393
589
514
604
377
589
393
603
393
604
393
604
408
594
393
604
393
604
408
589
408
589
605
604
589
710
590
499
604
725
604
499
468
634
589
604
468
605
498
498
603
497
604
695
605
499
590
513
589
725
604
725
604
743
605
695
604
499
589
726
634
468
635
589
604
483
589
725
604
743
605
498
589
514
589
725
604
499
604
725
605
742
589
728
606
695
635
695
604
740
604
588
498
605
362
604
392
604
393
620
377
604
408
589
392
605
392
619
393
604
392
604
392
604
393
605
392
604
392
620
392
603
379
620
382
605
755
591
725
604
695
589
740
589
756
604
710
619
500
589
726
604
468
634
695
603
739
604
724
588
709
634
694
649
589
608
498
603
695
604
498
589
634
604
709
590
724
637
709
588
724
604
726
604
710
589
740
604
725
589
740
604
498
574
635
453
634
498
604
483
589
392
589
407
602
407
589
392
620
393
574
589
499
604
725
589
740
603
468
606
725
637
498
603
725
604
499
589
725
619
740
589
740
589
468
498
604
408
589
498
604
407
589
408
589
408
605
392
605
392
605
393
604
392
604
407
589
407
588
409
604
395
604
393
604
393
604
392
604
393
604
408
589
739
589
468
410
589
408
604
393
603
393
604
393
605
393
604
407
589
727
590
740
607
695
637
710
589
725
604
710
619
468
635
695
638
468
604
499
635
498
604
694
603
498
604
498
589
725
604
725
604
740
605
725
588
484
498
604
393
604
392
604
392
604
499
604
393
605
407
589
498
604
392
604
604
498
604
695
620
710
604
710
619
740
589
727
589
740
604
499
604
740
588
738
604
710
619
468
619
754
589
498
710
710
618
709
620
725
604
725
604
498
604
498
590
725
605
514
589
740
604
725
589
710
605
726
634
471
635
499
604
726
605
468
498
589
604
499
604
695
634
696
589
513
589
543
589
710
634
695
604
725
604
725
650
589
603
498
604
695
605
710
621
709
619
741
589
725
604
695
604
725
604
740
604
725
604
695
604
483
604
725
604
741
604
725
605
363
606
724
604
724
604
740
604
725
604
695
604
727
633
468
589
740
620
483
620
483
392
604
393
604
392
604
408
589
408
589
408
604
498
498
589
498
604
698
605
725
619
710
589
514
363
604
393
604
499
589
408
589
408
577
407
591
408
591
408
590
408
589
498
604
408
589
408
589
408
604
393
603
392
604
393
604
408
589
393
603
725
605
498
590
740
589
756
605
499
589
604
499
604
589
468
589
741
604
725
605
725
604
483
605
726
620
740
589
709
604
482
603
725
755
499
589
408
589
410
604
393
604
393
604
392
604
377
619
407
588
393
605
393
619
392
589
408
604
393
604
725
589
499
620
483
604
725
620
710
620
725
589
740
589
513
604
710
620
499
605
726
603
725
589
755
587
498
606
740
634
468
619
710
589
740
635
695
619
483
635
499
590
498
604
739
589
741
589
499
604
741
589
514
589
740
589
498
604
514
589
483
605
741
592
740
604
499
634
589
619
483
589
603
408
604
392
588
513
590
408
635
453
513
604
740
619
468
634
498
588
740
589
498
619
725
634
470
664
457
604
724
619
724
603
498
633
468
619
740
588
514
604
741
589
740
589
725
606
499
604
740
603
483
618
483
604
740
605
483
603
724
603
739
603
498
588
740
588
754
589
499
603
723
603
497
618
482
603
738
602
739
592
483
513
725
609
743
589
725
608
499
483
620
395
604
499
589
499
635
468
498
604
725
618
482
602
738
588
513
589
740
604
483
604
514
589
755
619
483
603
755
589
487
604
499
498
845
635
498
589
408
589
393
620
499
498
468
620
499
588
423
590
393
604
468
529
393
604
408
589
393
620
363
620
514
468
499
619
514
589
500
604
395
619
482
620
378
589
408
589
408
605
408
