560
604
725
604
725
562
604
468
603
588
467
603
740
589
710
604
589
468
605
589
468
574
604
452
604
589
468
574
608
453
605
588
468
589
590
453
484
589
725
574
604
468
604
589
469
589
574
469
468
604
589
499
590
574
725
605
710
590
742
607
695
607
729
589
726
603
709
590
740
604
468
589
604
452
621
378
591
592
468
590
741
592
562
499
574
590
468
483
589
590
498
604
710
589
740
604
695
604
591
469
604
393
559
620
468
589
589
468
605
589
468
574
604
468
589
408
604
589
468
559
619
453
604
589
467
574
604
453
604
589
483
559
604
453
468
619
452
468
498
602
467
573
604
452
603
603
467
603
724
606
693
607
727
604
591
468
603
588
467
573
603
469
588
407
588
573
467
467
499
588
482
558
618
452
603
407
589
573
497
558
618
453
588
407
604
588
467
573
618
452
587
408
588
573
483
452
498
573
724
572
602
468
603
588
468
604
561
376
603
587
467
603
588
469
573
739
467
603
588
467
603
558
498
573
618
437
482
603
724
559
620
453
619
588
469
588
573
467
467
588
604
498
560
622
452
603
604
346
482
603
467
497
558
603
498
557
618
467
603
591
452
618
588
468
603
392
573
603
453
468
604
468
468
499
603
589
574
396
574
606
453
605
740
603
710
588
588
513
543
407
589
574
498
573
603
452
604
407
589
576
497
558
618
498
543
619
483
573
608
467
605
590
453
618
588
467
603
377
589
604
468
592
590
467
574
604
467
589
740
604
725
573
603
452
604
408
589
604
558
604
740
591
739
604
694
603
724
573
589
515
544
410
604
589
468
573
604
453
604
408
588
603
457
573
606
453
471
604
726
576
604
456
604
604
468
577
574
468
513
543
604
513
558
603
467
603
602
467
588
573
467
392
618
543
497
573
604
468
603
589
468
603
739
587
708
602
739
588
723
603
710
588
739
602
708
603
591
453
604
408
588
574
498
573
603
452
603
603
467
603
723
739
347
589
588
467
512
542
602
497
603
708
603
723
603
709
604
588
467
589
407
603
558
467
513
558
588
498
575
604
471
604
591
710
591
724
603
694
603
739
604
726
603
693
604
724
604
694
604
741
588
498
574
604
467
497
558
603
361
467
603
513
543
619
482
573
603
468
604
587
467
603
391
573
603
467
603
588
467
603
391
573
602
467
605
587
482
587
391
572
603
468
603
603
467
587
572
723
572
602
468
497
561
603
485
572
618
467
603
587
467
603
391
588
572
467
512
557
603
497
588
709
603
739
588
710
602
723
604
723
572
603
468
603
588
455
607
740
591
711
602
587
467
602
392
573
603
467
603
603
588
618
349
588
572
497
573
618
346
603
603
452
603
738
603
739
588
708
603
606
603
547
392
575
603
468
605
588
467
588
407
572
602
467
497
603
558
498
559
622
467
588
604
467
589
739
603
709
588
739
588
725
605
710
589
739
709
407
543
604
498
558
622
453
604
588
467
603
739
589
709
603
588
467
603
392
572
603
469
497
557
602
497
572
603
468
603
603
452
604
603
453
603
393
588
588
513
543
604
498
575
604
457
604
604
453
605
392
574
605
468
604
589
468
589
393
574
604
483
592
589
455
606
408
589
574
499
574
604
453
604
604
453
605
740
589
738
603
708
588
725
603
709
588
739
603
740
588
710
603
708
603
708
590
738
603
740
588
709
603
723
588
710
589
740
604
740
603
695
604
725
590
709
589
739
604
744
590
710
589
725
589
724
619
694
603
755
589
695
604
725
589
710
619
710
604
740
589
710
592
741
589
695
603
740
589
741
604
693
606
725
589
695
604
740
603
739
603
697
602
724
588
709
603
729
589
739
604
709
588
739
604
710
589
709
608
741
589
711
589
739
604
724
573
725
589
742
607
710
592
739
588
725
574
725
604
605
590
740
604
589
468
590
408
559
619
454
604
605
453
605
407
589
559
483
408
544
603
498
573
604
453
620
589
453
604
740
604
695
604
589
469
604
393
559
620
453
605
589
468
604
408
589
559
483
500
545
619
484
574
605
468
605
589
453
620
726
605
695
605
589
468
590
408
559
619
453
514
543
605
468
604
739
590
740
604
683
619
589
453
605
393
574
605
483
589
726
589
740
605
726
604
710
589
725
574
741
590
740
589
739
604
698
605
592
456
604
393
574
605
453
620
589
453
605
392
574
604
498
590
589
483
604
558
498
574
603
468
588
408
604
604
544
620
724
603
709
588
603
455
604
395
573
588
483
513
543
603
498
559
619
453
619
377
603
603
604
558
738
605
