590
589
378
588
577
468
484
574
396
574
605
453
607
603
471
589
392
589
589
467
588
604
467
603
588
467
573
603
498
559
603
468
607
588
467
604
604
453
618
589
469
573
588
498
558
619
453
619
588
453
620
589
467
559
619
724
558
619
452
591
608
468
604
589
469
574
589
499
559
619
453
605
589
468
604
604
453
619
378
574
605
455
606
589
472
573
605
452
468
604
468
605
589
468
604
588
468
576
604
699
604
724
604
725
558
619
469
453
604
588
468
576
607
452
604
588
468
573
603
452
468
468
619
695
589
741
604
710
604
710
589
741
574
589
498
559
620
453
468
499
559
740
604
695
604
740
605
710
604
695
619
726
604
695
604
725
605
727
589
710
589
739
603
695
590
619
453
618
588
467
574
589
498
558
619
454
467
501
559
621
453
604
604
468
589
558
498
573
619
453
606
589
456
573
621
694
588
740
604
709
574
604
468
603
589
468
590
574
363
484
589
498
558
620
452
618
588
452
619
589
468
589
590
453
501
695
499
559
620
453
604
605
453
605
589
469
574
604
469
484
574
741
604
679
512
589
467
604
574
467
483
575
392
573
603
467
588
604
483
588
588
482
588
573
497
558
604
468
468
588
377
603
603
468
558
589
513
559
618
453
603
604
470
588
562
468
469
605
485
589
589
468
604
604
438
483
590
468
468
589
377
605
589
472
574
589
472
498
559
620
439
484
589
468
468
604
392
559
619
453
604
604
469
588
559
469
377
604
590
498
559
739
604
740
591
712
589
742
590
726
604
695
605
740
589
710
589
740
604
725
574
713
606
740
591
727
574
606
469
485
574
604
468
605
589
453
619
590
468
603
588
471
574
604
483
574
604
453
620
589
453
619
589
468
558
620
454
589
607
468
604
725
604
695
604
741
604
710
574
604
453
605
589
468
577
605
457
589
408
604
592
468
574
604
468
588
603
468
604
726
604
695
604
743
588
557
512
587
572
497
710
726
589
710
590
740
604
695
604
740
590
725
604
710
588
740
589
710
604
589
471
590
574
468
456
498
575
725
574
604
452
619
590
453
468
618
361
603
602
452
603
604
469
589
576
467
482
573
392
588
589
453
468
620
349
483
588
738
604
695
604
588
471
604
590
467
573
603
467
588
603
469
603
724
604
693
603
738
588
738
572
603
452
604
603
467
572
603
452
499
573
497
573
603
497
558
603
467
602
723
603
708
593
739
588
724
589
589
453
468
619
453
470
498
558
739
574
724
604
739
590
709
589
739
603
724
573
724
607
727
603
709
588
739
603
724
573
724
603
739
589
709
604
724
603
724
573
724
603
739
604
709
588
739
589
728
574
727
592
755
588
574
483
573
604
467
603
590
482
588
557
482
362
589
604
468
603
739
589
694
603
740
589
739
573
604
452
603
604
467
589
576
362
594
603
499
697
710
593
725
619
709
574
604
453
482
603
725
589
709
603
724
603
709
603
589
454
619
588
468
603
723
606
694
607
739
588
712
603
588
467
603
589
468
574
603
452
468
618
709
573
603
467
602
603
467
587
572
467
723
603
696
618
724
603
694
603
724
619
588
467
588
573
468
468
588
407
561
619
467
588
739
603
710
573
603
468
604
588
468
604
558
469
468
498
572
391
587
587
452
482
603
362
603
588
467
603
739
589
709
589
739
604
726
574
727
589
741
604
710
589
739
588
724
575
725
603
740
604
709
589
740
588
730
574
724
603
739
588
709
619
712
605
725
592
712
589
740
604
694
603
603
468
590
558
483
513
543
603
468
603
724
606
739
543
619
452
619
377
573
618
498
543
739
619
710
603
696
618
725
603
739
542
618
453
607
393
574
605
455
604
589
467
573
603
452
467
618
362
603
603
452
603
603
452
617
391
557
604
513
543
618
456
607
391
572
602
452
497
572
497
572
606
452
618
588
467
603
392
572
603
513
544
739
606
729
588
710
604
726
604
739
558
603
453
622
392
589
573
514
588
558
498
560
618
468
499
558
588
512
558
618
453
604
589
470
589
741
603
709
604
589
468
604
377
574
604
469
604
593
453
619
592
467
607
724
588
711
590
741
604
695
605
605
453
604
559
471
408
559
590
498
589
589
363
498
619
544
605
741
589
695
619
590
454
604
605
468
605
725
589
710
589
741
605
695
604
589
468
604
590
483
589
725
605
710
589
740
604
695
605
589
453
604
393
574
604
468
605
589
468
589
574
468
514
544
604
499
574
606
453
606
604
452
603
739
603
709
588
739
588
724
573
604
467
603
590
468
589
739
603
708
588
740
608
711
589
712
603
740
603
694
604
739
589
724
574
726
604
740
604
725
589
695
650
681
620
726
606
694
603
602
451
602
406
557
604
468
603
604
454
604
590
468
577
604
454
740
559
498
604
558
378
604
589
468
603
558
483
498
604
604
543
603
393
588
588
469
499
604
558
498
558
620
468
589
604
456
589
742
607
695
604
741
589
725
604
710
589
740
589
710
604
725
604
725
589
710
589
739
604
696
619
591
347
468
618
453
514
559
589
498
574
725
604
740
608
710
605
698
604
741
590
740
604
695
604
725
604
725
559
621
453
607
590
468
604
740
589
695
619
589
453
604
393
574
604
468
604
725
604
725
559
619
468
604
589
453
604
740
589
710
604
725
604
725
573
728
604
728
604
710
588
740
588
725
575
725
604
740
603
694
603
739
588
725
573
724
603
739
604
724
603
693
604
740
603
482
573
604
469
604
589
453
619
740
589
708
589
603
457
590
408
604
576
482
573
604
498
558
407
604
393
560
603
472
603
590
468
589
407
558
604
483
498
558
392
575
725
468
604
574
498
604
558
498
559
619
468
589
604
468
483
573
604
468
605
589
453
619
393
589
572
512
588
694
618
723
603
738
542
753
603
723
572
602
452
602
407
589
574
468
498
559
394
573
603
467
603
603
452
605
393
574
604
467
604
589
468
603
392
558
619
454
603
603
453
604
393
574
604
468
589
742
603
724
574
725
589
739
604
709
588
742
606
709
588
709
604
739
603
725
605
698
589
742
603
739
589
710
619
694
619
724
573
725
589
739
604
710
619
711
590
725
574
725
604
739
604
695
604
725
606
726
574
725
589
619
453
604
393
589
589
468
589
741
604
725
573
725
589
740
604
740
604
695
590
725
603
695
605
726
604
739
603
709
588
725
604
695
604
725
604
498
559
620
483
574
604
498
559
604
453
620
377
589
589
513
544
741
604
725
605
695
605
725
604
740
605
680
619
589
453
605
393
589
589
725
573
634
561
604
468
604
589
467
604
739
589
710
589
740
608
712
573
725
607
740
589
740
588
709
604
724
574
725
593
742
604
710
588
739
589
726
574
725
604
739
604
694
604
739
589
724
575
726
603
739
588
709
603
725
604
725
574
604
453
619
589
453
604
740
604
696
618
709
604
725
574
725
604
740
589
710
589
740
604
710
589
726
604
725
604
713
591
729
603
727
573
727
588
739
604
710
589
740
589
725
574
742
589
741
590
739
588
709
589
741
606
724
606
694
604
725
604
695
618
723
603
723
617
693
605
727
589
695
604
741
590
741
604
695
605
726
589
696
619
725
605
745
589
695
604
726
590
710
605
725
604
726
604
696
604
604
453
605
408
590
363
468
604
711
589
604
453
604
393
574
604
468
618
577
453
606
392
577
605
483
573
603
498
603
362
603
393
573
595
468
513
681
604
708
588
739
604
725
574
724
588
753
588
709
588
738
603
724
572
724
648
547
467
606
483
482
603
724
604
700
604
739
588
739
602
498
558
603
468
604
393
572
603
452
603
603
467
605
392
561
603
503
602
694
604
724
603
710
588
742
590
740
605
695
605
710
604
694
619
725
604
726
603
696
604
724
603
694
619
724
604
739
543
618
452
467
619
485
559
607
453
484
605
697
590
725
619
711
574
604
468
499
605
695
589
710
589
740
604
726
559
605
468
605
590
468
605
741
590
725
575
605
499
559
604
453
620
725
604
740
589
695
605
726
589
710
592
741
604
741
544
740
604
725
604
711
589
726
604
726
605
710
590
740
604
710
589
711
604
741
605
725
589
711
589
741
589
756
590
710
589
604
453
605
393
574
605
468
605
589
453
605
393
574
605
469
499
559
589
513
695
741
605
695
604
726
589
726
574
604
484
589
589
469
604
605
453
604
590
483
589
725
604
710
590
740
589
499
604
559
483
499
589
713
589
740
605
710
589
726
589
740
604
696
604
723
602
724
605
695
605
725
604
711
589
739
606
724
558
618
452
618
392
574
573
497
482
558
603
497
559
618
482
573
604
468
589
741
603
725
603
724
603
709
588
738
603
709
588
739
588
728
606
708
575
753
588
709
588
754
589
498
558
619
392
559
588
513
558
754
574
756
589
694
603
740
588
728
605
709
588
755
588
693
603
739
588
724
605
573
498
573
603
482
573
739
603
588
468
604
392
588
573
497
573
604
468
589
408
589
408
593
573
498
603
695
604
738
603
680
513
743
588
693
604
740
589
725
604
710
593
740
589
696
604
740
589
724
603
710
604
725
619
710
574
605
469
589
408
589
408
589
559
514
589
710
604
725
604
695
604
725
604
740
724
366
573
591
468
486
619
456
605
498
609
392
559
618
452
588
754
603
709
574
603
467
588
407
603
392
574
392
468
619
725
589
709
589
740
589
739
603
693
603
725
604
725
604
741
589
710
589
619
452
588
407
603
392
575
589
498
589
725
589
725
604
740
619
728
589
741
589
695
604
498
588
740
619
709
590
727
589
513
589
725
604
695
498
741
604
695
607
724
605
727
604
695
589
756
604
709
573
604
468
486
619
454
604
728
606
694
608
742
589
727
558
604
468
589
407
604
393
604
558
498
575
604
469
589
408
589
574
498
559
619
453
498
558
740
606
694
607
729
604
725
605
694
589
740
605
695
604
739
604
710
605
711
589
726
604
695
499
741
604
695
605
726
604
741
589
699
589
740
605
695
605
726
604
726
605
695
604
740
604
711
604
710
589
741
604
680
513
725
604
695
604
725
620
589
604
605
453
605
393
574
589
514
590
740
589
710
589
740
590
725
604
710
590
756
590
695
635
695
589
740
604
710
574
755
589
710
619
709
589
728
603
709
604
499
589
604
468
619
377
559
619
456
590
744
604
727
589
710
589
740
589
711
604
740
591
741
589
710
589
726
604
697
607
725
605
729
605
726
589
710
604
725
619
726
589
710
589
740
590
695
514
729
604
559
498
604
392
604
362
468
604
725
604
710
589
725
605
695
513
740
589
725
573
589
483
589
410
589
607
468
591
742
589
698
589
756
604
725
590
711
590
741
589
695
514
725
604
710
589
605
453
498
604
468
588
740
604
695
606
740
593
727
588
713
589
514
593
741
589
728
605
711
589
741
604
710
619
695
589
740
605
695
589
744
604
726
604
695
604
741
589
710
590
740
589
725
592
710
604
739
604
725
604
589
574
589
472
499
559
740
589
696
514
742
589
710
589
741
605
725
604
694
589
757
589
726
589
709
604
725
604
695
604
725
619
716
604
710
589
741
589
710
589
740
604
725
589
710
604
726
605
695
604
725
604
724
605
710
589
740
589
694
513
739
588
709
604
728
589
727
605
710
578
740
619
725
589
710
589
740
604
680
513
725
604
695
620
726
604
725
589
574
498
604
394
559
623
453
604
741
590
730
589
710
589
741
604
680
514
726
604
695
605
725
619
710
604
710
589
513
590
741
589
710
620
710
589
740
588
710
589
756
589
695
605
740
589
726
604
710
589
743
589
711
590
604
454
499
407
589
588
483
574
590
378
590
605
498
468
559
619
453
499
605
453
605
393
574
604
453
514
726
604
696
604
738
590
741
589
711
590
741
604
453
499
574
392
574
588
620
589
725
605
695
604
726
589
710
589
499
514
589
469
574
604
453
514
589
469
590
408
574
589
469
498
590
378
604
393
575
604
453
589
756
604
715
604
710
589
741
590
695
605
740
592
741
589
725
574
740
589
741
589
710
589
740
605
725
589
710
605
741
589
711
589
741
589
499
559
619
453
589
408
604
393
589
590
484
574
590
468
590
423
589
408
589
574
483
468
574
589
514
605
680
499
741
604
453
514
605
468
590
393
574
605
469
498
590
468
590
408
559
620
453
589
741
605
726
604
696
604
726
605
695
604
726
619
725
605
680
604
726
620
680
514
725
604
696
605
740
589
740
589
574
498
590
378
604
393
559
590
514
604
741
590
711
589
604
454
589
408
604
393
605
574
499
589
575
499
589
362
499
574
499
575
604
453
605
483
514
393
574
604
483
590
590
468
498
590
710
589
696
605
741
605
726
589
711
589
741
590
695
514
725
604
710
619
709
603
711
618
693
588
513
694
739
603
724
604
711
589
498
604
727
592
695
513
725
620
453
499
604
453
619
378
589
393
604
589
453
514
741
592
469
483
605
468
502
589
483
605
710
620
468
483
559
604
514
590
695
514
726
605
710
589
726
604
498
589
574
453
514
604
499
589
710
590
741
590
468
498
605
453
514
559
469
498
605
468
605
378
589
589
469
498
605
453
499
574
454
514
589
469
604
393
604
363
468
590
514
604
725
604
695
589
740
604
725
605
695
605
725
605
710
590
741
589
741
589
695
499
756
589
468
589
741
605
725
604
726
589
711
604
725
605
726
604
469
604
589
468
605
393
605
392
590
589
483
574
589
469
604
499
498
589
484
605
726
589
695
515
726
605
741
589
589
471
469
591
756
589
710
589
741
589
498
559
619
452
588
409
604
392
573
604
498
573
725
604
725
589
710
592
743
604
604
453
590
408
604
408
589
574
498
589
574
362
498
563
725
605
740
605
468
484
604
483
588
392
603
574
740
589
709
619
709
589
694
498
755
591
698
589
740
604
498
559
619
453
589
408
605
392
574
603
483
589
725
605
710
619
725
604
453
514
589
468
604
393
605
393
574
604
725
590
710
604
724
589
710
589
743
604
725
604
740
589
709
589
740
589
710
589
743
591
741
604
695
589
740
604
453
513
590
498
574
408
589
397
589
574
468
498
590
483
499
589
710
604
725
605
681
498
741
620
725
589
695
634
710
590
695
498
756
589
453
513
604
485
575
407
596
392
589
573
514
589
713
589
604
453
604
392
604
408
589
574
498
604
695
605
725
604
725
605
453
498
605
483
590
407
589
498
469
604
726
605
725
589
710
604
725
620
695
590
741
589
741
589
700
604
740
590
453
513
603
468
604
378
575
605
453
498
740
619
711
608
711
710
378
589
408
604
393
604
558
377
588
407
603
392
604
393
575
604
484
604
710
589
740
589
695
515
729
604
727
606
452
412
588
377
589
392
604
498
604
392
604
574
498
604
725
604
694
604
741
588
711
619
709
604
729
603
695
589
739
605
740
589
710
589
741
589
696
604
726
619
725
589
710
604
725
604
680
499
754
589
710
635
695
604
724
604
726
605
698
634
699
635
695
604
740
589
710
589
724
604
740
589
712
589
739
589
468
498
604
468
603
395
589
409
574
606
483
608
697
603
728
606
483
471
604
395
558
439
574
395
590
514
604
393
604
392
588
422
589
498
574
604
483
577
741
588
740
589
740
589
710
589
619
438
513
393
605
574
488
607
695
604
728
604
743
589
710
588
604
453
498
407
588
588
483
605
730
604
695
607
740
589
709
589
725
619
483
574
604
500
603
392
558
392
513
392
573
603
498
559
740
619
709
589
710
589
740
619
485
604
740
696
393
574
589
499
605
710
588
604
453
604
397
604
393
604
395
574
396
605
408
589
576
484
604
741
589
710
589
725
604
695
498
756
589
710
589
725
605
725
604
695
498
756
589
711
589
725
604
498
604
725
589
711
604
740
589
498
470
589
393
589
392
605
393
559
604
725
619
695
604
710
604
741
604
694
605
725
604
695
604
724
604
728
603
695
619
709
619
694
604
726
588
697
497
755
604
695
588
740
603
725
589
713
606
742
589
697
589
729
620
725
593
710
589
740
589
740
604
725
589
710
604
483
606
754
588
709
588
724
606
740
589
713
589
727
622
725
591
710
589
740
589
739
603
726
604
725
604
740
588
709
604
724
604
453
408
604
407
589
362
633
363
634
468
604
395
588
409
573
392
634
378
589
393
620
725
604
725
604
712
604
710
604
715
605
744
589
710
604
714
620
695
594
725
604
740
589
710
604
725
604
695
604
725
589
605
604
740
589
710
589
740
589
740
589
741
605
710
619
710
589
725
604
741
589
710
605
727
604
695
604
710
620
725
605
695
604
725
604
699
604
498
589
725
619
726
605
710
590
725
604
725
604
728
620
695
593
725
604
730
589
710
604
725
620
726
589
468
393
619
378
604
362
634
468
604
393
604
393
574
393
604
407
604
392
589
710
604
724
589
740
618
498
589
695
623
709
604
709
588
725
604
739
604
468
592
725
619
728
593
695
635
694
603
741
604
695
604
725
603
727
589
740
604
709
634
695
590
725
604
499
483
589
396
573
407
589
407
604
392
605
393
589
408
559
393
620
394
604
486
575
604
498
604
363
605
393
604
392
604
392
604
407
589
407
592
393
604
407
560
393
604
393
604
407
589
377
589
725
605
740
608
694
607
711
649
468
588
724
619
740
589
710
589
724
604
498
604
605
604
696
499
589
393
589
393
604
392
605
393
605
393
604
408
589
603
604
590
453
605
604
453
514
604
604
589
468
498
605
408
589
408
604
393
609
588
604
589
453
605
740
604
725
604
694
604
725
589
756
605
695
590
726
605
499
604
726
604
695
604
740
607
726
589
711
589
725
604
741
605
725
605
695
605
710
604
740
605
710
590
726
604
726
605
740
604
710
620
680
619
500
589
726
604
739
603
725
604
724
589
710
603
739
603
725
603
468
410
589
502
603
393
634
589
604
377
589
407
603
392
604
393
604
591
468
635
709
589
604
498
604
409
589
407
588
347
649
453
604
407
633
603
604
347
604
392
604
392
619
393
589
378
589
407
589
408
574
408
589
408
604
393
604
725
604
468
499
589
408
604
499
589
408
589
407
603
498
604
589
468
635
453
604
740
605
725
604
695
635
